55150
193911
243927
303750
494119
494556
680886
751399
779043
793066
843194
874361
1061307
1099598
1293703
1404264
1435355
1484868
1634796
1760836
1820100
2378311
2407074
2603464
2630217
10988
96684
190050
245897
446411
472561
488472
491376
563405
695024
695206
707483
731382
836438
868605
954529
1025563
1239369
1263701
1469815
1663237
1686065
2099628
2539381
2559633
2636568
55173
92361
361787
483813
503698
503808
674524
812336
873642
935230
966090
1076813
1080044
1202163
1263920
1405903
1574074
1605169
1663945
1984316
2110309
2328944
2545834
2612450
2683518
43232
85080
373596
386932
483698
514369
648739
778880
836338
846046
1044806
1057929
1088230
1240300
1264069
1358898
1713360
1761230
1851275
1900773
2121209
2139062
2270449
2572743
2645144
140811
172017
322012
355365
494184
662707
684664
892070
892168
933486
1062636
1101643
1186426
1200302
1262096
1330275
1407434
1546088
1720549
1740055
1763823
1848257
2576857
2632685
2644145
268307
519421
693829
762733
838167
852205
909430
960642
1038039
1074163
1121997
1277476
1283787
1579192
1687797
1759243
1823436
1847769
2259848
2301047
2561261
2622003
2646651
2069
162375
206192
300599
329580
362329
594702
897680
946621
1092077
1124172
1143596
1147543
1262381
1314468
1336705
1477597
1663164
1848199
1850970
2059312
2114506
2255242
2527676
2592478
12002
95094
149278
482783
543366
1016591
1048329
1185819
1223559
1225062
1234468
1247353
1263666
1269714
1349732
1391421
1469921
1493368
1588468
1651593
1662722
2255725
2274364
2501740
2638736
2647270
2693735
35029
300039
415063
436239
518956
607867
676474
684993
698593
762210
878778
1036298
1091338
1383848
1486367
1527413
1565742
1647678
1815920
2179339
2311160
2360835
2422138
2497662
2602919
